0100100100110000010010100010010110001010010010010001000000001001000100010001001
0001000001
1001010001001
00001010010010000110110000001100011010010011111110010100010001000001010010010011001100000011001100000000011000001100001100000000000110000000110001111001010010010100110000000110011100100001001001001000010010010001100100000100001001001001101110000110000000011100010001101000100100000010000001001001000000100010000000011000100000000001000001100011001001101010001010001110000011100100000010010001
11101000000100110100100100000110010010011100101001001001100100010100100101001011
000100101010010010000010001000110010100010001001000010100000101001000110000010001001000000100101000100000011010100100100100100010100000010010001010010010010010110001000101000000000000110000001000000000110001010101000100001001010100000000001
0001000010010001001000100100010000000000000100100001001000100001001010100100011001001010000000100100100100100000100100000001
0000100010010000010000110001001000010001000010100001001000010010010010000100110000001
00010001000000000100000110010000100010010100100011
100010110110010010000001001001001000000000100010001010001100100001000101111001001000001001000011
000000010001000010010001000100011001000100100101101000100001000100100000110010010010001001000000001000100010000110001001000100010010001000000100100010100010000010010001001100100010100100011001000100100010001000001011001000010010001000100100100000100100101110011100100010001001001001000101001
100100100001000010010001000000000011000010010000000010001010001001001000001000100111101100100010000000000110001000100101000000010100100010010001001100010000010000100000100001000001000100100000010100100110010000100001000000100100001011000100100001000100010000000000110010100100100001000100111100001
010001000000000001000001001000001000100100010000010010001001101001000000000010010010001010001000000101000001100100010011101001001101010010010000000100100000100110000000000000000000000000100111001000100000001100100100010010000000010001000000010000001111111000011001
100010100000001000010000010100100001000110000100100101010010000010010010001000000010000001001001000100101000010010001010010000000000010010011001000000100010001000100110010010100000000101010010000100000001
11110000001000100001010000001
00000110000100010110111100100110000001110011111010000100010000001001000100010100010010001001001000001000011000100110001001010001001001000100010000001000100010000100001100010001010010010000100100010001001001000101001000100100000110001001001000001000100000010010001
000010010010001000100100010000010011100010100100100000011110000100110001000100100010000010001001100010010011010011000100010010010010001001000110010001000000110001001000101001001001000101010010001001000001010010000010010000001000100001100010001001010010010100000100001000010010000001010001000000100100110011001011110000001100100000010001000100100010000010010010010000000010001100001001000010010000001100110010100010010010000110010001001001000000100001001001011110010001010010010001001001001000001000100010000010010010010001001010010100000001
00101001000011100001100000000011
01001000000010100100000100011111
0000000001000100001000010001000110001000010000000100110001000010001100010000100001000100110010001000010000100100100001000101
0001001000001000100001000100100000100001100000000001100010000000011000000001100100100001000100011
1010010010001001110010010010100100010011101001001001000010001110001100101000101001001001010100001011
0000001000001000000001001001000000100000100000001100000010000010010001100000010100000011001000000101000010011001
0010000001001000000100010010000100010010000010010000110010010000000000100001000010100101000100010000011000110000001011000100100000000001010000100000000100001000000011110000100110010001010001001000000100100100100000000010000011000001010001000100000010010001000000101111001000000100100001000001010010111100100100100010001000001001000101111000001001000100000000100000101111001001001001000100000000101110010001000000010000100100101010001001000000010111
100100100000000110100010001000001001000000100010100100100100100100000010010010001001111000010010001011001010000011000101001000100100000010010010100100100000000001001001000100010000010100001001001000000001010000000010100010100100100010101001001001001010010000001001000100100101001001001
000001000011000011
00011111111010010001000011001001010000010000100011
00011010010001000000010010010100101001000000110010001001000000100011001001001010001000010001100100000101010000100011001010100101010010001010001010010010001001
0001000100001010001001000001001000000011001000000000100010010100100001010001001000010001010010010001100010101001001
0010010000101001110100011101000010001001000010001000000010011001001000010000001010001000110000101010010001001001001001010000000010001001
001
1000000001101001000010010010011101011111
0000001001000010000001
001
000100000001001000000010001000000000011000100010000000001101001001001000000000011001000010000100101000000100000000001
10000001100010000000100100100100100010011
1001001001001001000101010001001010010010010001000110001100100101001001001100100100101011010010101001001001000010000010010010010001001010001001010001
00001111000100010010010010000000100111110011
00100010001000001001100001000110110111100000001001000001001100000100111001000001100100010101000010001101001001000001000101001001010010000000001100100010100001000110110111
1000000100110001010001000100100111
00100101001000100011010001010000100010100000110010100010001001001000000011001011001000100100010010010001101001001010000010001100010010000011110001001011110001
00001100011000110000011
100010001011000100110010010010010100100000100100010000010010001001001000000100100100010010111
10010001001000100111
10111000000000100000010000100000100010001001010011100100001000100100010001110001001100100001001000100000100010010000100011000100010010100111000010011100000001000110000000110000000110010000000010011001100000110110001100101000100100100100110001001001000100000100100101000000010000010010010000010010010001001101001100100010001001000010100000111000000001110010010010010001001000100011001001100000001100000001100001001001110000100100010010010000010000100110000010010000010001001001000010001100100110001000100100001000011001100000011000110011000000011010000000010001001001000100000001000100010010011
001000010000010010001000101000010010010000010010001000100100010001
00100100000011001000101000100011100111101000100100010000100100000010010010000010001000110110010001010010100000111000001010001000100111111010010100010010010000001100100100110010001000100000100010001001001010111001001000100010000001011
000010010000000100011001000100001010000010001001000000100011
11100100000000000100100000100000100100010010100000110010000000000100001000110000000001000110110000000000111100011
111000000000001100110000000000001
00100100100011001000001001001010001000000000100100100010000100000000011
01100000110001
100100001000010100100000010000010000000100010010010010101000100100100100001010000000010000010010000010010001001
110011000100101001001110000100000100100000001001000000100100010001001000010010010000000000001000100000100011101000100101001000100100100010011
0000100010100100000000010100011000110001
1000010100100110001001001000100100010001
0010000100100010110000100110010010000100000100000010010010001010000000110001000000100101000000000010000001100100100100000110000010101000001100101001000100000101000110010000000100000100100000110001001000010000010010100001100100100100001001001100010010001110010001001000000111010010010010001001000100100010001100100100100001000001001001000011001001000110000010010010000101001001011000100100000101001010010011000001000010001001010001000101000001100010010100100110000100101001001100010011000101010100100011
00000000000000000001
1111110010001000000100100010001000001
0000001000101
100100101001001110100001100010000100100101000101010000001010010010010111
0010000010010000100100011110011001
0010001000100000100110000101000100100101000001000100110000100011011011110010001011110000010010011001000010000010010100100000100000000100111100101110010000010010010001100000110000100000010000010010100010010000100011111100001000100100111100100000001100010000010001000100110010000010010000100000100100100110001001001001001000100010010000100000111111000010001000110010010000001001010010001000001010100010010001100100100100000101101000100010011110010010100100000100110111001
10010010010010001000100001001000010000000100101001110001110000011100100010010001000110010101010001000001100101010001000101000100000010000110100100100100010000000010010010001001000100000010011
00000100100101001000010010010010100010010011001100100100100100010001010011111110011
11110000000000100100000111100001001001001
00100100100110010010100100010010100001001000010010010010011010010010001001010010010000010010010010000001000001001000001100001000101010010000000001100001001001000001001000000010010001000000100100001
00100010010000000001000000100100000010001110011111110000010100000100100111000100100111000100010000000110001001010001000000100100100000000010010100100100000100100010010011001000100100000000100010001
00010010000010010000010000101000000010010010000001000100000010000100000100100101010000000100001011010000000010010010000001000101001001001010001000000010010001000100000100001100100100100000100001000100100000010011100011100010001001001001000100000001000100101000100000010010001000100001001000001100100100001010001010001001001000000100100100100001000010001001001001001000100001000011000010000011010001001001001000000100100101001000100000001000100000100100100100000100001010000010010001
0010000010010010001000010000001001110001010001110001000001
111100100000100000100000100100000000011000000000000000000011001001000000001000100011100010000101001010000100000100001000101000100001000100010010010010000001010001000010001001000011001000010000010010100010000000010001000011000110000100000100000100001100010010101001100000100000000000000000001001000001100011001000001100100000001100001000100110000001000011001000101000100000100000100010011000000110010000010001000000100001100100001
001001001000010000000010100000001101000000010010010010000100010000100110001000001001000000001101101001001000000001001
010000010010001000010010010000011000000000110000010011000110001000110001000001000000001001000110000000001100000100110001001000100010000000001001000100100010010010000100100010001010001001100100100100100010001000100010010010000000010000000001001
00000000000000000000000000000000000000000000000000000000000000000000000000000001
10010100010001011
0100000100100010010100010100100001000001000010010001001
01000001000010000000010010010000010100101
0000110011000010001011
0000000000000000001
1111010010100000010010100001001000000001001001000000011100000000011000001110010010010100000001010000001001001
001000010000100011000000000100100011000000110010001000000010000110010010001001000100100100011000100100000001001001000100001000100101001001001000100100010000000010000001011001001000010011000100001000100010000010001000100010010010000010010010010001100010001000100010001000001001000100100100000000110010000100100000110010010000101001000001000001010010010000001
000001001001001001010100101001000000001100000110100010100101001000100000111
0000100010100001000110010001010001000100000101000110101000100010011001000101001000011010010001001101000010010001
1010010010001001010100010001000010000000010011100100000010011001100010100011110000010010100000010000000001100100100100010000010000001001101000100010001001100100001001000100010000010100000001001000100111000000011111000011
00100100100100101001001010010010000000010110000010000001001000010001001000010000000110000100000101001000100000010010100010001100010010010000100100010000110010010010010100100010000001001001001100100101001001110000001110010011
1100100000100100001000000001000010010010001111001111001100001001100100100100000100000100010001001000001001100000100100100100010010000100101010100000001101001000100100000000010010010010000101000001001001000101000100110100100000100010010010001111001111001100001000100000000100100100100011001001000100000010010000000110101001
0000000100101000010010010010001010001001001000100100001000101000000100001100001000000000100100001000001000100010001001000000010010010001001000001
0010000100100010001010010000010010010000000100100001001000010100100001010000100100001000110000011100000001001000010010000000100100001001000010000100001000110010010000100010001001100001001000010010010001010010000110001000000100101000000001100100010000001000010010000010010000000100100001010000010000100100100001011000001001001010010001000010010010100010001001000000110010010000010000001001000000010010100010001010000100110010000000000100100010001100100000100010001000000100001001001000001001000001100100001100100001100100010010100010001001000000100100100000100001100101010010001001010001001011001000100001000010100010001001000110010000000010000110001001001000100000100100100000100100100100100010010100010001010000100010010000000110000100100000100000001100100000000110010010100001
001001000011000001000001001001000100100100010010001000000010100010010010001001000011001
00001
001000100001010100010100100100100101000100000010000001001001001100010000001001010011000100000010000111000000100000001001000000000100100000010000001000000010010001001000100000100000010010010001001
000010010000101000000100100010100101001001000000110000100100000010010000101000001000100100101001001001000001000000010000000100100010000001000010000001001
001
000011011001100100011110010010001111001100100100100010010011010010100101001010010010010001000000001001
1
000100111
0000000010010010010000010011000001001010010010001000100010101001100001001001001001001000010000001
001001001001000001000010000000000100100000100010010000001000100000000000001100100010000100100000100100100001000000100101
10010001001001001010010000100000001101000100001001010001001000011001000100101010010100011
111000000100101010010001001000100101001010100100001
